image_width: 640
image_height: 480
camera_name: narrow_stereo
camera_matrix:
  rows: 3
  cols: 3
  data: [599.08006,   0.     , 308.6581 ,
           0.     , 599.6235 , 211.87092,
           0.     ,   0.     ,   1.     ]
distortion_model: plumb_bob
distortion_coefficients:
  rows: 1
  cols: 5
  data: [-0.133215, 0.200019, -0.005310, -0.001094, 0.000000]
rectification_matrix:
  rows: 3
  cols: 3
  data: [1., 0., 0.,
         0., 1., 0.,
         0., 0., 1.]
projection_matrix:
  rows: 3
  cols: 4
  data: [588.10974,   0.     , 307.76753,   0.     ,
           0.     , 587.30243, 209.20683,   0.     ,
           0.     ,   0.     ,   1.     ,   0.     ]